86 7 255
89 50 0
22 84 255
15 49 0
66 32 255
99 77 0
58 86 255
75 79 0
66 96 255
73 80 0
70 33 255
33 24 0
57 36 255
71 83 0
60 104 255
54 83 0
55 69 255
53 18 0
97 64 255
7 105 0
25 107 255
62 78 0
40 89 255
69 93 0
63 26 255
5 11 0
8 48 255
5 43 0
63 35 255
54 79 0
8 59 255
70 77 0
40 91 255
17 80 0
16 8 255
98 75 0
81 29 255
37 76 0
65 18 255
4 73 0
14 11 255
45 100 0
30 87 255
17 86 0
23 63 255
87 23 0
3 9 255
47 50 0
51 49 255
71 96 0
97 59 255
57 27 0
58 51 255
21 85 0
95 82 255
60 62 0
54 24 255
37 14 0
92 24 255
81 5 0
